IDs for RFS check 2024-12-09
293631
293632
303404
304928
648378
695710
743645
743648
763734
763773
774371
774544
780281
781460
784507
785405
790576
790578
790583
797718
798190
798191
798192
798193
798214
798216
801464
801466
801477
801491
801667
801680
801686
801687
801970
801971
801972
801975
801976
802004
802005
802007
802008
802009
802652
802804
802816
802817
802818
802822
802825
802831
802837
802846
802848
802852
802864
802901
802919
802920
802921
802922
802923
802924
802925
802926
802927
802929
802930
802931
802932
802933
802934
802935
802936
802937
802938
802939
802941
802942
802943
802944
802946
802947
802948
802949
802950
802951
802952
802953
802954
802955
802956
802990
802992
802993
802997
803002
803008
803022
803023
803051
803052
803061
803062
803063
803064
803065
803066
803067
803068
803069
803070
803071
803075
803078
803084
803085
803086
803087
803088
803089
803090
803091
803092
803093
803094
803095
803096
803098
803141
803147
803198
803199
803202
803203
803204
803207
803209
803272
803275
803308
803325
803355
803365
803366
803367
803379
803403
803410
803412
803413
803417
803418
803419
803420
803422
803428
803430
803431
803568
803569
803570
803571
803577
803581
803582
803583
803591
803592
803593
803601
803621
803636
803637
803639
803640
803641
803642
803646
803666
803667
803668
803670
803671
803673
803674
803676
803677
803678
803679
803680
803681
803682
803683
803685
803687
803688
803693
803694
803700
803702
803704
803705
803706
803707
803708
803709
803710
803711
803712
803713
803716
803717
803718
803719
803720
803721
803722
803723
803724
803725
803726
803727
803728
803729
803730
803731
803732
803733
803734
803735
803736
803737
803738
803739
803740
803742
803743
803744
803745
803746
803748
803749
803750
803751
803752
803753
803754
803755
803756
803757
803758
803759
803760
803761
803762
803769
803770
