IDs for RFS check 2024-06-17
756775
756776
756777
756778
756779
761820
761823
761828
761834
761835
761836
762378
762379
765147
765404
765551
765838
766541
766542
767073
767074
767076
767077
767080
767083
767090
767093
767098
767105
767522
767523
767836
767845
767853
767854
767855
767856
767857
767858
767859
767975
768156
768160
768282
768284
768285
768286
768289
768290
768291
768292
768294
768295
768296
768316
768317
768318
768346
768347
768371
768391
768392
768425
768426
768428
768437
768441
768455
768456
768457
768458
768796
768925
768975
768978
768979
768980
768984
768985
768996
769009
769016
769021
769188
769194
769196
769198
769279
769321
769322
769323
769324
769325
769326
769327
769328
769329
769330
769331
769332
769333
769334
769335
769336
769337
769340
769345
769346
769351
769533
769534
769535
769536
769537
769538
769590
769591
769594
769769
769833
769834
769835
769836
769839
769840
769841
769843
769844
769845
769846
769847
769849
769850
769851
769852
769854
769855
769860
769862
769869
769877
769880
769885
769886
769901
769904
769905
769906
769907
769908
769909
769914
769917
769971
769972
769973
769974
769975
769976
769978
769979
769980
769981
769983
769984
769985
769986
769987
769988
769989
769991
769992
769993
769995
769996
770031
770032
770033
770034
770080
770081
770082
770086
770088
770090
770092
770094
770095
770096
770099
770100
770102
770103
770104
770107
770109
770110
770112
770113
770132
770133
770142
770158
770159
770160
770161
770169
770170
770171
