IDs for RFS check 2024-11-25
18010
228581
291912
292718
514665
514969
515455
516503
516566
517357
517361
517362
517365
517367
517368
517370
517372
517373
517374
517377
517379
517381
517382
517385
517390
518080
519193
519975
520083
520084
520090
690793
693899
700705
709660
709661
709663
709677
709678
709681
709683
709685
709687
709689
709694
709696
765530
765613
765615
779106
779107
779108
796568
796570
796571
796572
796574
796575
796576
796578
796580
796581
796583
796584
796585
796586
796587
796588
796589
796590
796591
796594
796595
796596
796597
796598
796599
796600
796602
796603
796604
796605
796606
796608
796609
796610
796611
796612
796613
796614
796615
796616
796617
796618
796619
796620
796771
797175
797178
797179
797180
797181
797182
797186
797187
797188
797190
797191
797192
797193
797194
797195
797196
797197
797198
797199
797200
797201
797202
797203
797204
797205
797206
797207
797208
797209
797210
797211
797212
797213
797214
797216
797217
797218
797427
797428
797432
797433
797534
797627
797628
797803
797804
797806
797881
797895
797896
797901
797905
797923
797929
797932
797940
797950
797958
797964
797991
797999
798019
798065
798066
798074
798075
798090
798091
798093
798095
798099
798100
798101
798107
798131
798142
798147
798150
798156
798158
798159
798161
798164
798165
798167
798171
798172
798184
798185
798201
798221
798230
798232
798233
798234
798235
798236
798238
798244
798245
798246
798247
798248
798249
798251
798254
798255
798256
798257
798258
798259
798260
798262
798263
798264
798265
801438
801440
801441
801446
801449
801450
801493
801494
801495
801693
801694
801696
801697
801698
801699
801700
801701
801702
801715
801776
801777
801808
801841
801842
801843
801853
801864
801865
801878
801879
801881
801882
801884
801885
801886
801887
801888
801891
801894
801895
801896
801917
